start=0.133333
speed=0.513158
fullscreen=yes
